header: 
seq: 0 stamp: 0 frame_id: 
values[]
  values[0]:   4.19165
  values[1]:   -5.5491
  values[2]:   -0.850924
  values[3]:   0.0368473
  values[4]:   0.781446
  values[5]:   0.622884
  values[6]:   2.46612

